0 -1 -2 -3 -4 -5 -10 -15 -20 -25 -30 -35 -40 -45 -50 -55 -60
6 8 10 15 20 25 30 35 40 45 50 55 60 65 70 75 80 85 90 95 100
2.02 2.17 2.32 2.47 2.62 2.77 3.52 4.27 5.02 5.77 6.51 7.26 8.01 8.76 9.51 10.25 11.00
2.74 2.91 3.09 3.26 3.44 3.61 4.48 5.36 6.23 7.10 7.97 8.85 9.72 10.59 11.46 12.34 13.21
3.31 3.51 3.70 3.90 4.09 4.29 5.26 6.23 7.21 8.18 9.15 10.13 11.10 12.07 13.05 14.02 14.99
4.42 4.65 4.88 5.12 5.35 5.58 6.75 7.91 9.08 10.24 11.41 12.57 13.74 14.90 16.07 17.23 18.40
5.24 5.50 5.77 6.03 6.29 6.55 7.86 9.17 10.48 11.79 13.10 14.41 15.72 17.02 18.33 19.64 20.95
5.91 6.19 6.48 6.76 7.05 7.34 8.76 10.19 11.61 13.04 14.46 15.89 17.31 18.74 20.17 21.59 23.02
6.47 6.78 7.08 7.39 7.69 8.00 9.52 11.04 12.57 14.09 15.62 17.14 18.66 20.19 21.71 23.23 24.76
6.96 7.28 7.61 7.93 8.25 8.57 10.18 11.79 13.40 15.01 16.62 18.23 19.83 21.44 23.05 24.66 26.27
7.40 7.73 8.07 8.41 8.74 9.08 10.77 12.45 14.13 15.82 17.50 19.19 20.87 22.56 24.24 25.93 27.61
7.79 8.14 8.49 8.84 9.19 9.54 11.29 13.04 14.80 16.55 18.30 20.06 21.81 23.56 25.31 27.07 28.82
8.14 8.50 8.87 9.23 9.59 9.96 11.77 13.59 15.40 17.22 19.03 20.84 22.66 24.47 26.29 28.10 29.92
8.47 8.84 9.22 9.59 9.97 10.34 12.21 14.08 15.96 17.83 19.70 21.57 23.44 25.31 27.19 29.06 30.93
8.77 9.16 9.54 9.93 10.31 10.70 12.62 14.54 16.47 18.39 20.32 22.24 24.17 26.09 28.02 29.94 31.86
9.05 9.45 9.84 10.24 10.63 11.03 13.00 14.97 16.95 18.92 20.90 22.87 24.84 26.82 28.79 30.76 32.74
9.32 9.72 10.13 10.53 10.93 11.34 13.36 15.38 17.40 19.42 21.44 23.46 25.48 27.50 29.52 31.54 33.55
9.57 9.98 10.39 10.80 11.22 11.63 13.69 15.76 17.82 19.88 21.95 24.01 26.07 28.14 30.20 32.26 34.33
9.80 10.22 10.64 11.06 11.49 11.91 14.01 16.11 18.22 20.32 22.43 24.53 26.64 28.74 30.84 32.95 35.05
10.03 10.45 10.88 11.31 11.74 12.17 14.31 16.46 18.60 20.74 22.88 25.03 27.17 29.31 31.46 33.60 35.74
10.24 10.67 11.11 11.55 11.98 12.42 14.60 16.78 18.96 21.14 23.32 25.50 27.68 29.86 32.04 34.22 36.40
10.44 10.88 11.33 11.77 12.21 12.66 14.87 17.09 19.30 21.52 23.74 25.95 28.17 30.38 32.60 34.81 37.03
10.64 11.09 11.54 11.99 12.43 12.88 15.13 17.38 19.63 21.88 24.13 26.38 28.63 30.88 33.13 35.38 37.63
